{
  "cells": [
    {
      "cell_type": "code",
      "execution_count": 2,
      "metadata": {
        "id": "yKrkjNU8EKIh"
      },
      "outputs": [],
      "source": [
        "import matplotlib.pyplot as plt\n",
        "import numpy as np\n",
        "import random\n",
        "import math"
      ]
    },
    {
      "cell_type": "code",
      "execution_count": 3,
      "metadata": {
        "id": "SbRtsha4Y-Qp"
      },
      "outputs": [],
      "source": [
        "x_max=5\n",
        "nx=100\n",
        "X=np.linspace(x_max,nx)\n",
        "dx=2*x_max/(nx -1)\n",
        "beta_tmp=2**(-5)\n",
        "beta=2**4"
      ]
    },
    {
      "cell_type": "code",
      "execution_count": 4,
      "metadata": {
        "id": "D5r55ACXEOKU"
      },
      "outputs": [],
      "source": [
        "def rho_free(x,x1,beta):\n",
        "    rho=(1/(np.sqrt(2*math.pi*beta))) *(math.exp((-x-x1)**2)/(2*beta))\n",
        "    return rho"
      ]
    },
    {
      "cell_type": "code",
      "execution_count": 5,
      "metadata": {
        "id": "KvMowtLGEQOs"
      },
      "outputs": [],
      "source": [
        "def rho_harmonic(x,x1,beta,k):\n",
        "    rho_fr=rho_free(x,x1,beta)\n",
        "    rho_h_o=math.exp(-0.5*k*x**2)*math.exp(-rho_fr*beta)*math.exp(-0.5*k*x1**2)\n",
        "    return rho_h_o"
      ]
    },
    {
      "cell_type": "code",
      "execution_count": 6,
      "metadata": {
        "id": "Er4_0PLwETuw"
      },
      "outputs": [],
      "source": [
        "#generate random sequence of x:\n",
        "X=[]\n",
        "initial=0\n",
        "dx=0.5\n",
        "N=8\n",
        "for i in range(N):\n",
        "    new=initial+dx\n",
        "    X+=[new]\n",
        "    initial=new\n",
        "    \n",
        "beta=4\n",
        "rho=0\n",
        "T=1\n",
        "k=1/(beta*T)\n",
        "# matrix:\n",
        "# transpose x:\n",
        "x_t=np.transpose(X)\n",
        "A=np.outer(X,x_t)\n",
        "for i in X:\n",
        "    for j in x_t:\n",
        "        beta=2*beta\n",
        "        rho+= rho_harmonic(i,j,2*beta,k)\n",
        "\n",
        "\n",
        "        "
      ]
    },
    {
      "cell_type": "code",
      "execution_count": 32,
      "metadata": {
        "id": "43PiPqo4HLqt",
        "colab": {
          "base_uri": "https://localhost:8080/"
        },
        "outputId": "0032451c-ee1f-423c-8221-22a67b562c34"
      },
      "outputs": [
        {
          "output_type": "stream",
          "name": "stdout",
          "text": [
            "[[3.90817602e+074 6.70417456e+078 1.89611098e+083 8.84157090e+087\n",
            "  6.79739261e+092 8.61593705e+097 1.80056963e+103 6.20389680e+108\n",
            "  3.52424791e+114 3.30077238e+120 5.09696843e+126 1.29764397e+133\n",
            "  5.44686236e+139 3.76950645e+146 4.30100375e+153 8.09100358e+160\n",
            "  2.50947114e+168 1.28324405e+176 1.08189112e+184 1.50385197e+192]\n",
            " [6.70417456e+078 1.15004944e+083 3.25263216e+087 1.51670330e+092\n",
            "  1.16604028e+097 1.47799756e+102 3.08873834e+107 1.06423065e+113\n",
            "  6.04557549e+118 5.66222046e+124 8.74345627e+130 2.22600815e+137\n",
            "  9.34367232e+143 6.46629761e+150 7.37804025e+157 1.38794927e+165\n",
            "  4.30480422e+172 2.20130621e+180 1.85590078e+188 2.57974209e+196]\n",
            " [1.89611098e+083 3.25263216e+087 9.19927054e+091 4.28962247e+096\n",
            "  3.29785831e+101 4.18015278e+106 8.73573717e+111 3.00991480e+117\n",
            "  1.70984242e+123 1.60141988e+129 2.47287168e+135 6.29571688e+141\n",
            "  2.64262804e+148 1.82883333e+155 2.08669733e+162 3.92547333e+169\n",
            "  1.21750806e+177 6.22585351e+184 5.24895915e+192 7.29616637e+200]\n",
            " [8.84157090e+087 1.51670330e+092 4.28962247e+096 2.00025218e+101\n",
            "  1.53779227e+106 1.94920643e+111 4.07347673e+116 1.40352413e+122\n",
            "  7.97300009e+127 7.46742544e+133 1.15310077e+140 2.93569457e+146\n",
            "  1.23225821e+153 8.52785503e+159 9.73027557e+166 1.83044933e+174\n",
            "  5.67724354e+181 2.90311727e+189 2.44759115e+197 3.40220446e+205]\n",
            " [6.79739261e+092 1.16604028e+097 3.29785831e+101 1.53779227e+106\n",
            "  1.18225346e+111 1.49854834e+116 3.13168564e+121 1.07902822e+127\n",
            "  6.12963607e+132 5.74095069e+138 8.86502947e+144 2.25695963e+151\n",
            "  9.47359121e+157 6.55620811e+164 7.48062805e+171 1.40724798e+179\n",
            "  4.36466028e+186 2.23191422e+194 1.88170611e+202 2.61561206e+210]\n",
            " [8.61593705e+097 1.47799756e+102 4.18015278e+106 1.94920643e+111\n",
            "  1.49854834e+116 1.89946336e+121 3.96952300e+126 1.36770668e+132\n",
            "  7.76953187e+137 7.27685932e+143 1.12367404e+150 2.86077666e+156\n",
            "  1.20081140e+163 8.31022711e+169 9.48196229e+176 1.78373690e+184\n",
            "  5.53236224e+191 2.82903071e+199 2.38512946e+207 3.31538137e+215]\n",
            " [1.80056963e+103 3.08873834e+107 8.73573717e+111 4.07347673e+116\n",
            "  3.13168564e+121 3.96952300e+126 8.29556034e+131 2.85825104e+137\n",
            "  1.62368678e+143 1.52072744e+149 2.34826848e+155 5.97848794e+161\n",
            "  2.50947114e+168 1.73668197e+175 1.98155270e+182 3.72767636e+189\n",
            "  1.15616019e+197 5.91214485e+204 4.98447429e+212 6.92852672e+220]\n",
            " [6.20389680e+108 1.06423065e+113 3.00991480e+117 1.40352413e+122\n",
            "  1.07902822e+127 1.36770668e+132 2.85825104e+137 9.84815817e+142\n",
            "  5.59444360e+148 5.23969523e+154 8.09100358e+160 2.05989935e+167\n",
            "  8.64643041e+173 5.98377067e+180 6.82747740e+187 1.28437796e+195\n",
            "  3.98357186e+202 2.03704072e+210 1.71741007e+218 2.38723702e+226]\n",
            " [3.52424791e+114 6.04557549e+118 1.70984242e+123 7.97300009e+127\n",
            "  6.12963607e+132 7.76953187e+137 1.62368678e+143 5.59444360e+148\n",
            "  3.17803580e+154 2.97651388e+160 4.59625673e+166 1.17016711e+173\n",
            "  4.91177807e+179 3.39920084e+186 3.87848536e+193 7.29616637e+200\n",
            "  2.26294783e+208 1.15718180e+216 9.75609206e+223 1.35611783e+232]\n",
            " [3.30077238e+120 5.66222046e+124 1.60141988e+129 7.46742544e+133\n",
            "  5.74095069e+138 7.27685932e+143 1.52072744e+149 5.23969523e+154\n",
            "  2.97651388e+160 2.78777063e+166 4.30480422e+172 1.09596583e+179\n",
            "  4.60031809e+185 3.18365466e+192 3.63254734e+199 6.83351032e+206\n",
            "  2.11945240e+214 1.08380393e+222 9.13745005e+229 1.27012526e+238]\n",
            " [5.09696843e+126 8.74345627e+130 2.47287168e+135 1.15310077e+140\n",
            "  8.86502947e+144 1.12367404e+150 2.34826848e+155 8.09100358e+160\n",
            "  4.59625673e+166 4.30480422e+172 6.64736876e+178 1.69236245e+185\n",
            "  7.10369373e+191 4.91611823e+198 5.60928685e+205 1.05521322e+213\n",
            "  3.27280428e+220 1.67358236e+228 1.41098171e+236 1.96129499e+244]\n",
            " [1.29764397e+133 2.22600815e+137 6.29571688e+141 2.93569457e+146\n",
            "  2.25695963e+151 2.86077666e+156 5.97848794e+161 2.05989935e+167\n",
            "  1.17016711e+173 1.09596583e+179 1.69236245e+185 4.30860805e+191\n",
            "  1.80853883e+198 1.25160107e+205 1.42807579e+212 2.68648135e+219\n",
            "  8.33227592e+226 4.26079556e+234 3.59223708e+242 4.99328698e+250]\n",
            " [5.44686236e+139 9.34367232e+143 2.64262804e+148 1.23225821e+153\n",
            "  9.47359121e+157 1.20081140e+163 2.50947114e+168 8.64643041e+173\n",
            "  4.91177807e+179 4.60031809e+185 7.10369373e+191 1.80853883e+198\n",
            "  7.59134425e+204 5.25359725e+211 5.99435014e+218 1.12765092e+226\n",
            "  3.49747398e+233 1.78846953e+241 1.50784201e+249 2.09593291e+257]\n",
            " [3.76950645e+146 6.46629761e+150 1.82883333e+155 8.52785503e+159\n",
            "  6.55620811e+164 8.31022711e+169 1.73668197e+175 5.98377067e+180\n",
            "  3.39920084e+186 3.18365466e+192 4.91611823e+198 1.25160107e+205\n",
            "  5.25359725e+211 3.63575714e+218 4.14839591e+225 7.80391929e+232\n",
            "  2.42043030e+240 1.23771210e+248 1.04350355e+256 1.45049243e+264]\n",
            " [4.30100375e+153 7.37804025e+157 2.08669733e+162 9.73027557e+166\n",
            "  7.48062805e+171 9.48196229e+176 1.98155270e+182 6.82747740e+187\n",
            "  3.87848536e+193 3.63254734e+199 5.60928685e+205 1.42807579e+212\n",
            "  5.99435014e+218 4.14839591e+225 4.73331631e+232 8.90426548e+239\n",
            "  2.76170898e+247 1.41222848e+255 1.19063669e+263 1.65501067e+271]\n",
            " [8.09100358e+160 1.38794927e+165 3.92547333e+169 1.83044933e+174\n",
            "  1.40724798e+179 1.78373690e+184 3.72767636e+189 1.28437796e+195\n",
            "  7.29616637e+200 6.83351032e+206 1.05521322e+213 2.68648135e+219\n",
            "  1.12765092e+226 7.80391929e+232 8.90426548e+239 1.67506117e+247\n",
            "  5.19529825e+254 2.65666955e+262 2.23981337e+270 3.11338887e+278]\n",
            " [2.50947114e+168 4.30480422e+172 1.21750806e+177 5.67724354e+181\n",
            "  4.36466028e+186 5.53236224e+191 1.15616019e+197 3.98357186e+202\n",
            "  2.26294783e+208 2.11945240e+214 3.27280428e+220 8.33227592e+226\n",
            "  3.49747398e+233 2.42043030e+240 2.76170898e+247 5.19529825e+254\n",
            "  1.61135154e+262 8.23981292e+269 6.94690958e+277 9.65635407e+285]\n",
            " [1.28324405e+176 2.20130621e+180 6.22585351e+184 2.90311727e+189\n",
            "  2.23191422e+194 2.82903071e+199 5.91214485e+204 2.03704072e+210\n",
            "  1.15718180e+216 1.08380393e+222 1.67358236e+228 4.26079556e+234\n",
            "  1.78846953e+241 1.23771210e+248 1.41222848e+255 2.65666955e+262\n",
            "  8.23981292e+269 4.21351365e+277 3.55237414e+285 4.93787663e+293]\n",
            " [1.08189112e+184 1.85590078e+188 5.24895915e+192 2.44759115e+197\n",
            "  1.88170611e+202 2.38512946e+207 4.98447429e+212 1.71741007e+218\n",
            "  9.75609206e+223 9.13745005e+229 1.41098171e+236 3.59223708e+242\n",
            "  1.50784201e+249 1.04350355e+256 1.19063669e+263 2.23981337e+270\n",
            "  6.94690958e+277 3.55237414e+285 2.99497357e+293 4.16307783e+301]\n",
            " [1.50385197e+192 2.57974209e+196 7.29616637e+200 3.40220446e+205\n",
            "  2.61561206e+210 3.31538137e+215 6.92852672e+220 2.38723702e+226\n",
            "  1.35611783e+232 1.27012526e+238 1.96129499e+244 4.99328698e+250\n",
            "  2.09593291e+257 1.45049243e+264 1.65501067e+271 3.11338887e+278\n",
            "  9.65635407e+285 4.93787663e+293 4.16307783e+301             inf]]\n"
          ]
        },
        {
          "output_type": "stream",
          "name": "stderr",
          "text": [
            "<ipython-input-32-d3076453eb5d>:15: RuntimeWarning: overflow encountered in double_scalars\n",
            "  rho_matrix[i,j]=dx*rho_free(x,x_k,beta)*rho_free(x_k,x_prime,beta)\n"
          ]
        }
      ],
      "source": [
        "\n",
        "def matrix_square(X):\n",
        "  rho_matrix=np.zeros((N,N))\n",
        "#X: list of x steps\n",
        "  x_k=X[-1]\n",
        "\n",
        "\n",
        "  for i in range(len(X)):\n",
        "\n",
        "    x=X[i]\n",
        "\n",
        "    for j in range(len(X)):\n",
        "\n",
        "      x_prime=X[j]\n",
        "\n",
        "      rho_matrix[i,j]=dx*rho_free(x,x_k,beta)*rho_free(x_k,x_prime,beta)\n",
        "\n",
        "  return rho_matrix\n",
        "\n",
        "N=10\n",
        "dx=0.5\n",
        "X=np.arange(0,N,dx) \n",
        "N=len(X)\n",
        "print(matrix_square(X))\n"
      ]
    },
    {
      "cell_type": "code",
      "execution_count": 31,
      "metadata": {
        "id": "VLF75p69HjUT"
      },
      "outputs": [],
      "source": [
        "updated=X\n",
        "beta=5\n",
        "N=8\n",
        "dtau=beta/N\n",
        "delta=1\n",
        "X=np.linspace(N,1)\n",
        "n_steps=1000000\n",
        "\n",
        "for n_steps in range(n_steps):\n",
        "\n",
        "  k=random.randrange(0,N-1)\n",
        "  x_k=X[k]\n",
        "  k_p=k+1\n",
        "  k_m=k-1\n",
        "\n",
        "  if k_m ==-1:\n",
        "\n",
        "    k_m=N\n",
        "\n",
        "  deltas=np.linspace(-delta,delta,1000)\n",
        "  \n",
        "  x_prime_k=x_k +random.choice(deltas)\n",
        "\n",
        "  pi_a=rho_free(X[k-1],X[k],dtau)*rho_free(X[k],X[k+1],dtau)*math.exp(-0.5*dtau*X[k]*2)\n",
        "\n",
        "  pi_b=rho_free(X[k-1],x_prime_k,dtau)*rho_free(x_prime_k,X[k+1],dtau)*math.exp(-0.5*dtau*x_prime_k*2)\n",
        "\n",
        "  nu=pi_b/pi_a\n",
        "\n",
        "  if random.uniform(0,1)<nu:\n",
        "\n",
        "    updated[k]=x_prime_k\n",
        "\n",
        "    X[k]=x_prime_k\n",
        "\n",
        "\n",
        "  \n",
        "\n"
      ]
    },
    {
      "cell_type": "code",
      "execution_count": 31,
      "metadata": {
        "id": "QwBPgLKOKMjV"
      },
      "outputs": [],
      "source": []
    }
  ],
  "metadata": {
    "colab": {
      "provenance": []
    },
    "kernelspec": {
      "display_name": "Python 3",
      "name": "python3"
    },
    "language_info": {
      "name": "python"
    }
  },
  "nbformat": 4,
  "nbformat_minor": 0
}